0.8378949
0.8378949
0.8378949
0.8378949
0.8378949
0.8378949
0.8378949
0.8378949
0.8378949
0.8378949
0.8378949
0.8378949
0.8378949
0.8378949
0.8378949
0.8378949
0.8378949
0.8378949
0.8378949
0.8378949
0.8378949
0.8378949
0.8378949
0.8378949
0.8362703
0.8371647
0.8380591
0.8380591
0.8389536
0.839848
0.8407424
0.8416368
0.8425313
0.8435633
0.8435633
0.8455365
0.8483241
0.8493463
0.8495115
0.8488895
0.8488895
0.847709
0.8463241
0.8451378
0.8443967
0.8441996
0.8441996
0.844465
0.8450119
0.8456467
0.8462083
0.8465842
0.8465842
0.8467276
0.8466571
0.8464373
0.8461538
0.845888
0.8456981
0.8456104
0.8456104
0.845621
0.8457037
0.8457037
0.8457037
0.8457037
0.8457037
0.8457037
0.8457037
0.8457037
0.8457037
0.8457037
0.8457037
0.8457037
0.8457037
0.8457037
0.8457037
0.8457037
0.8457037
0.8457037
0.8457037
0.8457037
0.8457037
0.8457037
0.8457037
0.8457037
