0.4598821
0.4598821
0.4598821
0.4598821
0.4598821
0.4598821
0.4598821
0.4598821
0.4598821
0.4598821
0.4598821
0.4598821
0.4598821
0.4598821
0.4598821
0.4598821
0.4598821
0.4598821
0.4598821
0.4598821
0.4598821
0.4598821
0.4598821
0.4705807
0.4796549
0.4879732
0.4962915
0.5046098
0.5046098
0.5129281
0.5212464
0.5297533
0.5380688
0.5460654
0.5460654
0.5541081
0.5616269
0.5689629
0.5766513
0.5844042
0.5844042
0.5923887
0.60065
0.6088704
0.6171192
0.6257642
0.634439
0.634439
0.6433115
0.6526208
0.6620618
0.671769
0.6821116
0.6821116
0.6927995
0.7039543
0.7157375
0.7278897
0.7407334
0.7540234
0.7540234
0.7680603
0.7826023
0.7979674
0.8139407
0.8306851
0.8479936
0.8479936
0.8659957
0.8844671
0.903485
0.9228584
0.9424721
0.9424721
0.9622532
0.9820541
1.001855
1.021656
1.041457
1.041457
1.061258
1.081059
1.10086
1.120661
1.140462
1.160263
1.160263
1.180064
1.199865
1.193158
1.183075
1.17473
1.17473
1.166246
1.15668
1.145824
1.133785
1.120468
1.120468
1.106013
1.090368
1.073651
1.055885
1.039018
1.039018
1.027917
1.022416
1.019221
1.017107
1.014847
1.011909
1.011909
1.008599
1.004704
1.000904
0.9971244
0.9933373
0.9933373
0.9904278
0.9883306
0.9883087
0.988719
0.9893362
0.9893362
0.9898803
0.9901376
0.990168
0.9901209
0.9900892
0.9900823
0.9900823
0.9900857
0.9900895
0.990091
0.990091
0.9900907
0.9900907
0.9900905
0.9900905
0.9900905
0.9900905
0.9900905
0.9900905
0.9900905
0.9900905
0.9900905
